  &NAMVV1
    DVALH(0:)=0.,
    2000.0,
    4000.0,
    6046.110595,
    8267.92756,
    10609.513232,
    12851.100169,
    14698.498086,
    15861.125180,
    16116.236610,
    15356.924115,
    13621.460403,
    11101.561987,
    8127.144155,
    5125.141747,
    2549.969411,
    783.195032,
    0.0,
    0.0,
    0.0,
    DVBH(0:)=  0.0000,
    0.0000,
    0.0000,
    0.0003389933,
    0.0033571866,
    0.0130700434,
    0.0340771467,
    0.0706498323,
    0.1259166826,
    0.2011954093,
    0.2955196487,
    0.4054091989,
    0.5249322235,
    0.6461079479,
    0.7596983769,
    0.8564375573,
    0.9287469142,
    0.9729851852,
    0.9922814815,
    1.0,
  /
